dw.dat auto written
1 2
1946  2019
3  15
1
0.35  	0.59  	1.11  	1.69  	2.37  	3.17  	3.98  	5.05  	5.92  	7.2  	8.146  	8.133  	9.253
0.32  	0.56  	0.95  	1.5  	2.14  	2.92  	3.65  	4.56  	5.84  	7.42  	8.848  	8.789  	9.998
0.34  	0.53  	1.26  	1.93  	2.46  	3.36  	4.22  	5.31  	5.92  	7.09  	8.43  	8.181  	9.433
0.37  	0.67  	1.11  	1.66  	2.5  	3.23  	4.07  	5.27  	5.99  	7.08  	8.218  	8.259  	8.701
0.39  	0.64  	1.29  	1.7  	2.36  	3.48  	4.52  	5.62  	6.4  	7.96  	8.891  	9.07  	10.271
0.4  	0.83  	1.39  	1.88  	2.54  	3.46  	4.88  	5.2  	7.14  	8.22  	9.389  	9.502  	9.517
0.44  	0.8  	1.33  	1.92  	2.64  	3.71  	5.06  	6.05  	7.42  	8.43  	10.185  	10.134  	10.563
0.4  	0.76  	1.28  	1.93  	2.81  	3.72  	5.06  	6.34  	7.4  	8.67  	10.238  	11.409  	11.926
0.44  	0.77  	1.26  	1.97  	3.03  	4.33  	5.4  	6.75  	7.79  	10.67  	9.68  	9.557  	11.106
0.32  	0.57  	1.13  	1.73  	2.75  	3.94  	4.9  	7.04  	7.2  	8.78  	10.077  	11.023  	12.105
0.33  	0.58  	1.07  	1.83  	2.89  	4.25  	5.55  	7.28  	8  	8.35  	9.944  	10.248  	11.564
0.33  	0.59  	1.02  	1.82  	2.89  	4.28  	5.49  	7.51  	8.24  	9.25  	10.605  	10.825  	12.075
0.34  	0.52  	0.95  	1.92  	2.94  	4.21  	5.61  	7.35  	8.67  	9.58  	11.631  	11  	13.832
0.35  	0.72  	1.47  	2.68  	3.59  	4.32  	5.45  	6.44  	7.17  	8.63  	11.621  	11.95  	13
0.34  	0.51  	1.09  	2.13  	3.38  	4.87  	6.12  	8.49  	7.79  	8.3  	11.422  	11.719  	13.424
0.31  	0.55  	1.05  	2.2  	3.23  	5.11  	6.15  	8.15  	8.68  	9.6  	11.952  	13.181  	13.422
0.32  	0.55  	0.93  	1.7  	3.03  	5.03  	6.55  	7.7  	9.27  	10.56  	12.717  	13.482  	14.44
0.32  	0.61  	0.96  	1.73  	3.04  	4.96  	6.44  	7.91  	9.62  	11.31  	12.737  	13.193  	14.287
0.33  	0.55  	0.95  	1.86  	3.25  	4.97  	6.41  	8.07  	9.34  	10.16  	12.886  	13.251  	14
0.38  	0.68  	1.03  	1.49  	2.41  	3.52  	5.73  	7.54  	8.47  	11.17  	13.722  	13.465  	14.118
0.44  	0.74  	1.18  	1.78  	2.46  	3.82  	5.36  	7.27  	8.63  	10.66  	14.148  	14  	15
0.29  	0.81  	1.35  	2.04  	2.81  	3.48  	4.89  	7.11  	9.03  	10.59  	13.829  	14.146  	16.756
0.33  	0.7  	1.48  	2.12  	3.14  	4.21  	5.27  	6.65  	9.01  	9.66  	14.848  	16.3  	17
0.44  	0.79  	1.23  	2.03  	2.9  	3.81  	5.02  	6.43  	8.33  	10.71  	14.211  	15  	17
0.37  	0.91  	1.34  	2  	3  	4.15  	5.59  	7.6  	8.97  	10.99  	14.074  	14.611  	16
0.45  	0.88  	1.38  	2.16  	3.07  	4.22  	5.81  	7.13  	8.62  	10.83  	12.945  	14.25  	15.973
0.38  	0.77  	1.43  	2.12  	3.23  	4.38  	5.83  	7.62  	9.52  	12.09  	13.673  	13.852  	16
0.38  	0.91  	1.54  	2.26  	3.29  	4.61  	6.57  	8.37  	10.54  	11.62  	13.904  	14  	15.841
0.32  	0.66  	1.17  	2.22  	3.21  	4.39  	5.52  	7.86  	9.82  	11.41  	13.242  	13.704  	14.291
0.41  	0.64  	1.11  	1.9  	2.95  	4.37  	5.74  	8.77  	9.92  	11.81  	13.107  	14  	14.293
0.35  	0.73  	1.19  	2.01  	2.76  	4.22  	5.88  	9.3  	10.28  	11.86  	13.544  	14.311  	14.284
0.49  	0.9  	1.43  	2.05  	3.3  	4.56  	6.46  	8.63  	9.93  	10.9  	13.668  	14.255  	14.906
0.49  	0.81  	1.45  	2.15  	3.04  	4.46  	6.54  	7.98  	10.15  	10.85  	13.177  	14  	15
0.35  	0.7  	1.24  	2.14  	3.15  	4.29  	6.58  	8.61  	9.22  	10.89  	14.344  	14.5  	15.315
0.27  	0.56  	1.02  	1.72  	3.02  	4.2  	5.84  	7.26  	8.84  	9.28  	14.448  	15  	15.5
0.49  	0.98  	1.44  	2.09  	2.98  	4.85  	6.57  	9.16  	10.82  	10.77  	13.932  	15  	16
0.37  	0.66  	1.35  	1.99  	2.93  	4.24  	6.46  	8.51  	12.24  	10.78  	14.041  	15  	16
0.84  	1.37  	2.09  	2.86  	3.99  	5.58  	7.77  	9.29  	11.55  	11.422  	12.799  	14.177  	15.554
1.42  	1.93  	2.49  	3.14  	3.91  	4.91  	6.02  	7.4  	8.13  	11.422  	12.799  	14.177  	15.554
0.94  	1.37  	2.02  	3.22  	4.63  	6.04  	7.66  	9.81  	11.8  	11.422  	12.799  	14.177  	15.554
0.64  	1.27  	1.88  	2.79  	4.49  	5.84  	6.83  	7.69  	9.81  	11.422  	12.799  	14.177  	15.554
0.49  	0.88  	1.55  	2.33  	3.44  	5.92  	8.6  	9.6  	12.17  	11.422  	12.799  	14.177  	15.554
0.54  	0.85  	1.32  	2.24  	3.52  	5.35  	8.06  	9.51  	11.36  	11.422  	12.799  	14.177  	15.554
0.74  	0.96  	1.31  	1.92  	2.93  	4.64  	7.52  	9.12  	11.08  	11.422  	12.799  	14.177  	15.554
0.81  	1.22  	1.64  	2.22  	3.24  	4.68  	7.3  	9.84  	13.25  	11.422  	12.799  	14.177  	15.554
1.05  	1.45  	2.15  	2.89  	3.75  	4.71  	6.08  	8.82  	11.8  	11.422  	12.799  	14.177  	15.554
1.16  	1.57  	2.21  	3.1  	4.27  	5.19  	6.14  	7.77  	10.12  	11.422  	12.799  	14.177  	15.554
0.81  	1.52  	2.16  	2.79  	4.07  	5.53  	6.47  	7.19  	7.98  	11.422  	12.799  	14.177  	15.554
0.835  	1.311  	2.061  	2.936  	3.241  	5.325  	7.056  	7.815  	8.355  	9.329  	12.799  	14.177  	15.554
0.774  	1.199  	1.782  	2.588  	3.814  	4.989  	6.232  	8.05  	8.74  	9.719  	10.683  	14.177  	15.554
0.794  	1.11  	1.614  	2.464  	3.823  	5.72  	6.735  	8.041  	9.282  	9.943  	11.108  	12.037  	15.554
0.615  	1.03  	1.53  	2.214  	3.422  	5.201  	7.201  	7.817  	8.839  	10.523  	11.35  	12.492  	13.379
0.683  	1.061  	1.616  	2.305  	3.301  	4.861  	6.869  	9.335  	10.479  	11.502  	11.978  	12.751  	13.859
0.543  	0.991  	1.526  	2.33  	3.209  	4.289  	6.004  	6.717  	10.161  	11.176  	13.029  	13.418  	14.131
0.612  	1.064  	1.69  	2.446  	3.399  	4.661  	5.875  	7.402  	9.041  	11.294  	12.68  	14.53  	14.831
0.654  	1.065  	1.659  	2.552  	3.639  	4.819  	6.377  	7.7  	9.34  	11.33  	12.806  	14.162  	15.99
0.675  	1.159  	1.622  	2.388  	3.624  	4.883  	6.391  	8.199  	9.395  	11.195  	12.845  	14.295  	15.608
0.634  	1.088  	1.822  	2.528  	3.613  	5.067  	6.453  	7.952  	9.439  	11.242  	12.7  	14.336  	15.746
0.63  	1.118  	1.61  	2.435  	3.308  	4.77  	6.347  	7.909  	9.221  	10.561  	12.751  	14.183  	15.788
0.676  	1.035  	1.571  	2.184  	3.26  	4.511  	6.063  	7.73  	9.037  	10.682  	12.018  	14.236  	15.629
0.722  	1.112  	1.572  	2.361  	3.265  	4.524  	5.779  	7.438  	9.292  	10.497  	12.149  	13.461  	15.685
0.715  	1.171  	1.782  	2.394  	3.583  	4.892  	6.535  	7.984  	9.036  	10.852  	11.95  	13.6  	14.877
0.745  	1.271  	1.836  	2.804  	3.765  	5.166  	6.396  	8.105  	9.165  	10.057  	12.333  	13.389  	15.022
0.698  	1.157  	1.736  	2.404  	3.854  	5.3  	6.64  	8.041  	9.443  	10.368  	11.474  	13.794  	14.801
0.695  	1.185  	1.732  	2.427  	3.36  	4.937  	6.275  	7.499  	8.656  	10.648  	11.811  	12.883  	15.224
0.664  	1.111  	1.633  	2.264  	3.167  	4.627  	6.337  	7.884  	9.384  	10.706  	12.113  	13.241  	14.27
0.666  	1.133  	1.736  	2.367  	3.145  	4.452  	6.327  	7.93  	10.084  	10.488  	12.175  	13.562  	14.646
0.74  	1.204  	1.718  	2.346  	3.256  	4.314  	5.799  	7.35  	9.086  	10.127  	11.94  	13.627  	14.981
0.764  	1.172  	1.723  	2.345  	3.243  	4.189  	5.507  	6.981  	8.67  	10  	11.55  	13.378  	15.05
0.712  	1.056  	1.571  	2.195  	3.171  	4.528  	5.64  	6.701  	8.233  	10.077  	11.412  	12.964  	14.79
0.785  	1.098  	1.652  	2.251  	3.237  	4.455  	5.952  	7.279  	8.513  	9.708  	11.495  	12.817  	14.355
0.734  	1.167  	1.69  	2.332  	3.299  	4.662  	5.946  	7.353  	8.204  	9.44  	11.095  	12.905  	14.201
0.854  	1.174  	1.701  	2.501  	3.31  	4.611  	6.003  	7.344  	8.096  	9.609  	10.804  	12.479  	14.294
0.695  	1.151  	1.662  	2.392  	3.336  	4.439  	6.094  	7.266  	8.683  	9.563  	10.988  	12.167  	13.845
