mo.dat auto written
1 2
1946  2020
3  15
1
0  	0  	0.01  	0.03  	0.06  	0.11  	0.18  	0.44  	0.65  	0.86  	0.96  	0.96  	1
0  	0  	0.01  	0.03  	0.06  	0.13  	0.16  	0.42  	0.75  	0.91  	0.95  	1  	1
0  	0  	0.01  	0.03  	0.07  	0.13  	0.25  	0.47  	0.73  	0.91  	0.97  	1  	1
0  	0  	0.01  	0.03  	0.09  	0.17  	0.29  	0.54  	0.79  	0.88  	0.97  	1  	1
0  	0  	0.01  	0.03  	0.09  	0.23  	0.35  	0.52  	0.79  	0.95  	0.97  	1  	1
0  	0  	0.01  	0.03  	0.1  	0.24  	0.4  	0.58  	0.72  	0.85  	0.96  	1  	1
0  	0  	0.01  	0.03  	0.08  	0.22  	0.41  	0.63  	0.82  	0.92  	0.97  	1  	1
0  	0  	0.01  	0.03  	0.07  	0.19  	0.4  	0.64  	0.84  	0.94  	0.97  	1  	1
0  	0  	0.01  	0.03  	0.08  	0.16  	0.37  	0.68  	0.87  	0.93  	0.96  	1  	1
0  	0  	0.01  	0.03  	0.07  	0.13  	0.26  	0.53  	0.83  	0.92  	0.97  	1  	1
0  	0  	0.01  	0.03  	0.06  	0.12  	0.14  	0.41  	0.67  	0.91  	0.96  	1  	1
0  	0  	0.01  	0.03  	0.06  	0.09  	0.12  	0.22  	0.6  	0.82  	0.97  	1  	1
0  	0  	0.01  	0.03  	0.06  	0.1  	0.1  	0.3  	0.5  	0.82  	0.97  	1  	1
0  	0  	0.01  	0.04  	0.12  	0.34  	0.49  	0.67  	0.84  	0.87  	1  	1  	1
0  	0.01  	0.03  	0.06  	0.1  	0.19  	0.45  	0.69  	0.77  	0.85  	0.99  	1  	1
0  	0  	0.01  	0.06  	0.12  	0.31  	0.65  	0.91  	0.98  	0.98  	1  	0.96  	1
0  	0  	0.01  	0.05  	0.15  	0.34  	0.61  	0.81  	0.92  	0.97  	1  	0.932  	1
0  	0.01  	0.01  	0.03  	0.07  	0.28  	0.42  	0.81  	0.98  	0.98  	1  	0.966  	1
0  	0  	0  	0.03  	0.13  	0.37  	0.66  	0.89  	0.95  	0.99  	1  	1  	1
0  	0  	0  	0.01  	0.06  	0.2  	0.55  	0.73  	0.99  	0.98  	1  	1  	1
0  	0  	0.01  	0.02  	0.06  	0.22  	0.35  	0.74  	0.94  	0.94  	1  	1  	1
0  	0  	0  	0.03  	0.07  	0.14  	0.38  	0.64  	0.89  	0.9  	1  	1  	1
0  	0  	0.03  	0.05  	0.09  	0.19  	0.39  	0.58  	0.82  	1  	1  	1  	1
0  	0  	0  	0.02  	0.04  	0.12  	0.34  	0.55  	0.74  	0.95  	1  	1  	1
0  	0.01  	0  	0.01  	0.07  	0.23  	0.58  	0.81  	0.89  	0.91  	1  	1  	1
0  	0  	0.01  	0.05  	0.11  	0.3  	0.59  	0.79  	0.86  	0.88  	1  	1  	1
0.01  	0.02  	0.02  	0.01  	0.1  	0.34  	0.64  	0.81  	0.94  	1  	1  	1  	1
0  	0  	0  	0.02  	0.16  	0.53  	0.81  	0.92  	0.95  	0.98  	1  	1  	1
0  	0  	0  	0.01  	0.03  	0.21  	0.5  	0.96  	1  	0.96  	1  	1  	1
0  	0  	0.01  	0.02  	0.09  	0.21  	0.56  	0.78  	0.79  	0.95  	1  	1  	1
0  	0  	0  	0.05  	0.12  	0.29  	0.45  	0.84  	0.83  	1  	0.9  	1  	1
0  	0  	0.02  	0.08  	0.26  	0.54  	0.76  	0.87  	0.93  	0.94  	0.9  	1  	1
0  	0  	0  	0.02  	0.13  	0.44  	0.71  	0.77  	0.81  	0.89  	0.8  	1  	1
0  	0  	0  	0.03  	0.13  	0.39  	0.77  	0.89  	0.83  	0.78  	0.9  	1  	1
0  	0  	0  	0.02  	0.13  	0.35  	0.65  	0.82  	1  	0.9  	0.9  	1  	1
0  	0  	0.02  	0.07  	0.2  	0.54  	0.8  	0.97  	1  	1  	1  	1  	1
0  	0.05  	0.1  	0.34  	0.65  	0.82  	0.92  	1  	1  	1  	1  	1  	1
0.01  	0.08  	0.1  	0.3  	0.73  	0.88  	0.97  	1  	1  	1  	1  	1  	1
0  	0.05  	0.18  	0.31  	0.56  	0.9  	0.99  	1  	1  	1  	1  	1  	1
0  	0.01  	0.09  	0.36  	0.55  	0.85  	0.96  	0.9  	1  	1  	1  	1  	1
0  	0.05  	0.08  	0.19  	0.53  	0.71  	0.62  	0.9  	1  	1  	1  	1  	1
0  	0.01  	0.07  	0.18  	0.22  	0.46  	0.5  	0.75  	1  	1  	1  	1  	1
0  	0.02  	0.05  	0.33  	0.53  	0.62  	1  	1  	1  	1  	1  	1  	1
0.008  	0.003  	0.029  	0.228  	0.547  	0.705  	0.915  	1  	1  	1  	1  	1  	1
0.008  	0.013  	0.051  	0.21  	0.522  	0.715  	0.905  	0.975  	1  	1  	1  	1  	1
0.001  	0.032  	0.075  	0.305  	0.708  	0.861  	0.957  	1  	1  	1  	1  	1  	1
0.001  	0.014  	0.145  	0.419  	0.8  	0.943  	0.974  	1  	1  	1  	1  	1  	1
0  	0.028  	0.087  	0.368  	0.704  	0.931  	0.972  	0.994  	1  	1  	1  	1  	1
0  	0.005  	0.119  	0.336  	0.583  	0.876  	0.965  	0.99  	1  	1  	1  	1  	1
0  	0.005  	0.06  	0.373  	0.614  	0.748  	0.955  	0.98  	1  	1  	1  	1  	1
0  	0  	0.016  	0.252  	0.619  	0.817  	0.975  	1  	1  	1  	1  	1  	1
0  	0  	0.014  	0.14  	0.597  	0.842  	0.95  	0.967  	1  	1  	1  	1  	1
0  	0.005  	0.031  	0.168  	0.468  	0.828  	0.956  	0.98  	1  	1  	1  	1  	1
0  	0.001  	0.014  	0.17  	0.506  	0.841  	0.961  	1  	1  	1  	1  	1  	1
0  	0  	0.066  	0.261  	0.699  	0.872  	0.978  	1  	1  	1  	1  	1  	1
0.001  	0.006  	0.069  	0.378  	0.646  	0.851  	0.955  	1  	1  	1  	1  	1  	1
0.001  	0.015  	0.085  	0.412  	0.695  	0.846  	0.97  	1  	1  	1  	1  	1  	1
0.001  	0  	0.089  	0.331  	0.662  	0.882  	0.96  	1  	1  	1  	1  	1  	1
0  	0.009  	0.092  	0.438  	0.728  	0.883  	0.973  	0.974  	1  	1  	1  	1  	1
0  	0.003  	0.066  	0.366  	0.72  	0.897  	0.971  	0.991  	1  	1  	1  	1  	1
0  	0.015  	0.061  	0.367  	0.633  	0.907  	0.961  	1  	1  	1  	1  	1  	1
0  	0.007  	0.076  	0.37  	0.719  	0.884  	0.977  	1  	1  	1  	1  	1  	1
0.005  	0.008  	0.082  	0.309  	0.539  	0.869  	0.928  	0.994  	1  	1  	1  	1  	1
0  	0  	0.081  	0.362  	0.745  	0.859  	0.978  	0.997  	0.994  	1  	1  	1  	1
0.005  	0.006  	0.06  	0.335  	0.552  	0.838  	0.931  	0.971  	0.983  	1  	1  	1  	1
0  	0  	0.04  	0.339  	0.644  	0.798  	0.932  	0.963  	0.991  	1  	1  	1  	1
0.001  	0  	0.058  	0.209  	0.544  	0.799  	0.93  	0.967  	0.99  	1  	1  	1  	1
0  	0  	0.01  	0.156  	0.482  	0.763  	0.913  	0.982  	0.985  	1  	1  	1  	1
0  	0  	0.025  	0.137  	0.516  	0.806  	0.935  	0.984  	0.996  	1  	1  	1  	1
0  	0.001  	0.004  	0.074  	0.282  	0.681  	0.891  	0.963  	0.984  	1  	1  	1  	1
0  	0  	0.002  	0.057  	0.256  	0.569  	0.832  	0.955  	0.984  	1  	1  	1  	1
0  	0.018  	0.003  	0.148  	0.463  	0.749  	0.931  	0.99  	1  	1  	1  	1  	1
0  	0.003  	0.028  	0.207  	0.478  	0.731  	0.916  	0.971  	1  	1  	1  	1  	1
0  	0  	0.01  	0.126  	0.466  	0.842  	0.942  	0.968  	0.996  	1  	1  	1  	1
0  	0  	0.014  	0.116  	0.361  	0.775  	0.904  	0.955  	1  	1  	1  	1  	1
