sw.dat auto written
1 2
1946  2020
3  15
1
0.35  	0.59  	1.11  	1.69  	2.37  	3.17  	3.98  	5.05  	5.92  	7.2  	8.146  	8.133  	9.253
0.32  	0.56  	0.95  	1.5  	2.14  	2.92  	3.65  	4.56  	5.84  	7.42  	8.848  	8.789  	9.998
0.34  	0.53  	1.26  	1.93  	2.46  	3.36  	4.22  	5.31  	5.92  	7.09  	8.43  	8.181  	9.433
0.37  	0.67  	1.11  	1.66  	2.5  	3.23  	4.07  	5.27  	5.99  	7.08  	8.218  	8.259  	8.701
0.39  	0.64  	1.29  	1.7  	2.36  	3.48  	4.52  	5.62  	6.4  	7.96  	8.891  	9.07  	10.271
0.4  	0.83  	1.39  	1.88  	2.54  	3.46  	4.88  	5.2  	7.14  	8.22  	9.389  	9.502  	9.517
0.44  	0.8  	1.33  	1.92  	2.64  	3.71  	5.06  	6.05  	7.42  	8.43  	10.185  	10.134  	10.563
0.4  	0.76  	1.28  	1.93  	2.81  	3.72  	5.06  	6.34  	7.4  	8.67  	10.238  	11.409  	11.926
0.44  	0.77  	1.26  	1.97  	3.03  	4.33  	5.4  	6.75  	7.79  	10.67  	9.68  	9.557  	11.106
0.32  	0.57  	1.13  	1.73  	2.75  	3.94  	4.9  	7.04  	7.2  	8.78  	10.077  	11.023  	12.105
0.33  	0.58  	1.07  	1.83  	2.89  	4.25  	5.55  	7.28  	8  	8.35  	9.944  	10.248  	11.564
0.33  	0.59  	1.02  	1.82  	2.89  	4.28  	5.49  	7.51  	8.24  	9.25  	10.605  	10.825  	12.075
0.34  	0.52  	0.95  	1.92  	2.94  	4.21  	5.61  	7.35  	8.67  	9.58  	11.631  	11  	13.832
0.35  	0.72  	1.47  	2.68  	3.59  	4.32  	5.45  	6.44  	7.17  	8.63  	11.621  	11.95  	13
0.34  	0.51  	1.09  	2.13  	3.38  	4.87  	6.12  	8.49  	7.79  	8.3  	11.422  	11.719  	13.424
0.31  	0.55  	1.05  	2.2  	3.23  	5.11  	6.15  	8.15  	8.68  	9.6  	11.952  	13.181  	13.422
0.32  	0.55  	0.93  	1.7  	3.03  	5.03  	6.55  	7.7  	9.27  	10.56  	12.717  	13.482  	14.44
0.32  	0.61  	0.96  	1.73  	3.04  	4.96  	6.44  	7.91  	9.62  	11.31  	12.737  	13.193  	14.287
0.33  	0.55  	0.95  	1.86  	3.25  	4.97  	6.41  	8.07  	9.34  	10.16  	12.886  	13.251  	14
0.38  	0.68  	1.03  	1.49  	2.41  	3.52  	5.73  	7.54  	8.47  	11.17  	13.722  	13.465  	14.118
0.44  	0.74  	1.18  	1.78  	2.46  	3.82  	5.36  	7.27  	8.63  	10.66  	14.148  	14  	15
0.29  	0.81  	1.35  	2.04  	2.81  	3.48  	4.89  	7.11  	9.03  	10.59  	13.829  	14.146  	16.756
0.33  	0.7  	1.48  	2.12  	3.14  	4.21  	5.27  	6.65  	9.01  	9.66  	14.848  	16.3  	17
0.44  	0.79  	1.23  	2.03  	2.9  	3.81  	5.02  	6.43  	8.33  	10.71  	14.211  	15  	17
0.37  	0.91  	1.34  	2  	3  	4.15  	5.59  	7.6  	8.97  	10.99  	14.074  	14.611  	16
0.45  	0.88  	1.38  	2.16  	3.07  	4.22  	5.81  	7.13  	8.62  	10.83  	12.945  	14.25  	15.973
0.38  	0.77  	1.43  	2.12  	3.23  	4.38  	5.83  	7.62  	9.52  	12.09  	13.673  	13.852  	16
0.38  	0.91  	1.54  	2.26  	3.29  	4.61  	6.57  	8.37  	10.54  	11.62  	13.904  	14  	15.841
0.32  	0.66  	1.17  	2.22  	3.21  	4.39  	5.52  	7.86  	9.82  	11.41  	13.242  	13.704  	14.291
0.41  	0.64  	1.11  	1.9  	2.95  	4.37  	5.74  	8.77  	9.92  	11.81  	13.107  	14  	14.293
0.35  	0.73  	1.19  	2.01  	2.76  	4.22  	5.88  	9.3  	10.28  	11.86  	13.544  	14.311  	14.284
0.49  	0.9  	1.43  	2.05  	3.3  	4.56  	6.46  	8.63  	9.93  	10.9  	13.668  	14.255  	14.906
0.49  	0.81  	1.45  	2.15  	3.04  	4.46  	6.54  	7.98  	10.15  	10.85  	13.177  	14  	15
0.35  	0.7  	1.24  	2.14  	3.15  	4.29  	6.58  	8.61  	9.22  	10.89  	14.344  	14.5  	15.315
0.27  	0.56  	1.02  	1.72  	3.02  	4.2  	5.84  	7.26  	8.84  	9.28  	14.448  	15  	15.5
0.49  	0.98  	1.44  	2.09  	2.98  	4.85  	6.57  	9.16  	10.82  	10.77  	13.932  	15  	16
0.37  	0.66  	1.35  	1.99  	2.93  	4.24  	6.46  	8.51  	12.24  	10.78  	14.041  	15  	16
0.37  	0.92  	1.6  	2.44  	3.82  	4.76  	6.17  	7.7  	9.25  	12.621  	14.544  	16.466  	18.388
0.42  	1.16  	1.81  	2.79  	3.78  	4.57  	6.17  	7.7  	9.25  	12.621  	14.544  	16.466  	18.388
0.413  	0.875  	1.603  	2.81  	4.059  	5.833  	7.685  	10.117  	14.29  	12.621  	14.544  	16.466  	18.388
0.311  	0.88  	1.47  	2.467  	3.915  	5.81  	6.58  	6.833  	11.004  	12.621  	14.544  	16.466  	18.388
0.211  	0.498  	1.254  	2.047  	3.431  	5.137  	6.523  	9.3  	13.15  	12.621  	14.544  	16.466  	18.388
0.212  	0.404  	0.79  	1.903  	2.977  	4.392  	7.812  	12.112  	13.107  	12.621  	14.544  	16.466  	18.388
0.299  	0.52  	0.868  	1.477  	2.686  	4.628  	7.048  	9.98  	9.25  	12.621  	14.544  	16.466  	18.388
0.398  	0.705  	1.182  	1.719  	2.458  	3.565  	4.71  	7.801  	8.956  	12.621  	14.544  	16.466  	18.388
0.518  	1.136  	1.743  	2.428  	3.214  	4.538  	6.88  	10.719  	9.445  	12.621  	14.544  	16.466  	18.388
0.44  	0.931  	1.812  	2.716  	3.895  	5.176  	6.774  	9.598  	12.427  	12.621  	14.544  	16.466  	18.388
0.344  	1.172  	1.82  	2.823  	4.031  	5.497  	6.765  	8.571  	10.847  	12.621  	14.544  	16.466  	18.388
0.237  	0.757  	1.419  	2.458  	3.845  	5.374  	6.648  	7.653  	8.136  	12.916  	16.114  	16.466  	18.388
0.197  	0.487  	1.141  	2.118  	3.504  	4.915  	6.949  	9.051  	9.775  	11.409  	15.248  	18.62  	18.388
0.206  	0.482  	0.98  	2.041  	3.52  	5.507  	7.74  	9.922  	10.63  	12.093  	13.533  	17.659  	21.171
0.211  	0.537  	1.11  	1.876  	3.381  	5.258  	8.546  	10.653  	10.776  	13.232  	14.313  	15.745  	20.122
0.242  	0.561  	1.179  	1.936  	2.944  	4.583  	7.092  	10.7  	12.042  	13.771  	15.607  	16.617  	18.021
0.209  	0.514  	1.183  	2.007  	3.037  	4.479  	6.512  	10.028  	11.117  	14.698  	16.215  	18.057  	18.981
0.194  	0.465  	1.218  	1.963  	3.064  	4.12  	5.746  	7.157  	9.961  	14.589  	17.26  	18.733  	20.557
0.284  	0.513  	1.21  	2.25  	3.299  	5.066  	6.373  	9.29  	11.456  	13.317  	17.138  	19.887  	21.294
0.23  	0.603  	1.184  	2.138  	3.336  	4.81  	6.912  	8.809  	10.475  	12.534  	15.703  	19.752  	22.549
0.233  	0.551  	1.317  	2.022  	3.239  	4.984  	6.727  	8.422  	14.226  	12.524  	14.815  	18.164  	22.403
0.24  	0.55  	1.074  	2.038  	2.911  	4.402  	6.263  	8.535  	10.197  	12.371  	14.803  	17.176  	20.674
0.225  	0.61  	1.083  	1.87  	3.002  	3.971  	5.789  	8.127  	12.759  	12.611  	14.63  	17.163  	19.594
0.252  	0.591  	1.219  	2.014  	3.028  	4.434  	5.999  	7.774  	9.954  	13.679  	14.902  	16.97  	19.58
0.249  	0.663  	1.329  	2.127  	3.183  	4.59  	6.477  	8.88  	12.124  	12.261  	16.111  	17.274  	19.368
0.286  	0.726  	1.418  	2.41  	3.331  	4.914  	6.747  	8.851  	10.393  	12.776  	14.504  	18.617  	19.701
0.274  	0.652  	1.353  	2.312  	3.803  	5.103  	6.75  	9.252  	10.119  	12.323  	15.09  	16.83  	21.168
0.258  	0.608  	1.208  	2.01  	3.088  	4.903  	6.498  	7.992  	9.689  	12.467  	14.574  	17.483  	19.214
0.225  	0.6  	1.097  	1.926  	2.861  	4.403  	6.531  	8.648  	9.885  	12.508  	14.738  	16.909  	19.929
0.227  	0.555  	1.182  	1.834  	2.831  	4.124  	6.056  	8.584  	11.498  	12.249  	14.785  	17.092  	19.3
0.247  	0.577  	1.134  	1.998  	2.841  	4.015  	5.523  	8.077  	10.304  	13.207  	14.491  	17.144  	19.501
0.216  	0.577  	1.137  	1.791  	2.781  	3.85  	5.245  	6.992  	9.378  	12.746  	15.578  	16.816  	19.558
0.229  	0.54  	1.134  	1.934  	2.753  	4.081  	5.315  	7.135  	8.947  	11.778  	15.056  	18.025  	19.198
0.21  	0.536  	1.001  	1.812  	2.72  	3.958  	5.64  	7.064  	8.569  	10.885  	13.954  	17.445  	20.522
0.255  	0.675  	1.107  	1.896  	2.826  	4.158  	5.7  	7.628  	9.071  	10.634  	12.934  	16.216  	19.888
0.286  	0.62  	1.188  	1.949  	2.768  	4.059  	5.749  	7.38  	9.097  	10.8  	12.646  	15.073  	18.54
0.24  	0.603  	1.085  	1.82  	3.025  	4.296  	5.891  	7.293  	9.667  	11.186  	12.837  	14.749  	17.28
0.148  	0.503  	1.055  	1.692  	2.59  	4.064  	5.617  	7.673  	9.313  	11.306  	13.278  	14.964  	16.922
